CONECTIVIDADES

test_quad2d:
ANTES: 0 4 4 1 1 5 5 2 2 6 6 3 3 7 7 0 2 6 8 5 5 8 4 1 6 3 7 8 8 7 0 4 
RCM:   4 7 7 8 8 6 6 2 2 1 1 0 0 3 3 4 2 1 5 6 6 5 7 8 1 0 3 5 5 3 4 7 
METIS: 4 5 5 3 3 8 8 1 1 2 2 0 0 6 6 4 1 2 7 8 8 7 5 3 2 0 6 7 7 6 4 5 


test_hex2d:
ANTES: 3 4 4 11 11 10 10 9 9 8 8 7 7 0 0 1 1 2 2 3 5 4 5 10 5 2 6 5 6 9 6 1 7 6 5 2 3 4 1 2 5 6 7 0 1 6 6 9 8 7 9 6 5 10 4 11 10 5
RCM:   11 9 9 4 4 5 5 3 3 0 0 1 1 2 2 7 7 10 10 11 8 9 8 5 8 10 6 8 6 3 6 7 1 6 8 10 11 9 7 10 8 6 1 2 7 6 6 3 0 1 3 6 8 5 9 4 5 8
METIS: 1 2 2 0 0 11 11 3 3 4 4 7 7 6 6 5 5 9 9 1 10 2 10 11 10 9 8 10 8 3 8 5 7 8 10 9 1 2 5 9 10 8 7 6 5 8 8 3 4 7 3 8 10 11 2 0 11 10
